x: 648 655 662 669 676 683 690 697 704 711 718 725 732 739
y: 2.428571 2.285714 2 2.285714 6.142857 9.285714 12.71429 23 29.71429 40.57143 95.28571 136.4286 230 293.7143
